#JOSM PicLayer plugin calibration data
#Tue May 23 18:35:57 CEST 2023
INITIAL_SCALE=618.9841823137475
M00=0.6905718125492819
M01=0.0
M02=7.491824169896486
M10=0.0
M11=0.6905718125492819
M12=0.3310186421945554
POSITION_X=-1.363503310287326E7
POSITION_Y=4556826.543811356
