#JOSM PicLayer plugin calibration data
#Sat Jan 08 23:20:24 CET 2022
POSITION_X=1121607.3586094351
POSITION_Y=6293008.31470217
INITIAL_SCALE=324.52643818214835
M00=1.1405645218366227
M11=0.8618521158806213
M10=0.0
M02=22.850550172844756
M01=0.0
M12=12.303237539264018
